 #p t-2 #calls       #gen time
  1  45  17     312442 0.00 
  2  48  11      59238 0.00 
  3  43  14     123356 0.00 
  4  42  15     185188 0.00 
  5  45   6     146444 0.00 
  6  45   1      12628 0.00 
  7  62   3     144810 0.00 
  8  46  11     164186 0.00 
  9  49  13    1819525 0.03 
 10  47  13     316380 0.00 
 11  61   9    4792776 0.07 
 12  52   2      96792 0.00 
 13  50  12     329607 0.01 
 14  44   4     140853 0.00 
 15  51   5      11882 0.00 
 16  45  11     306205 0.00 
 17  52   7      54146 0.00 
 18  53  21    2224073 0.03 
 19  52   5      27183 0.00 
 20  44  18    1293969 0.02 
 21  51  21    2045083 0.03 
 22  51  17    1666317 0.02 
 23  51  12     593281 0.01 
 24  45  20    2959872 0.04 
 25  54  11      69972 0.00 
 26  54   4      65147 0.00 
 27  59   9    1185627 1.02 
 28  49   6    7068768 0.11 
 29  50  17   16806689 0.22 
 30  50  12    1781676 0.03 
 31  58   2     117764 0.00 
 32  50  20    4301559 0.06 
 33  53  10    1373282 0.02 
 34  45  37   11868704 0.16 
 35  57  25    5521052 0.08 
 36  46  15    1826792 0.02 
 37  48  11     691198 0.01 
 38  51  13     177328 0.00 
 39  50  14    1722936 0.02 
 40  58   8    3189230 0.05 
 41  58   5     869619 0.01 
 42  52   7     214137 0.00 
 43  57   4     806764 0.01 
 44  55  18     876791 0.01 
 45  51  29    6452389 0.11 
 46  69  11     842200 0.01 
 47  53  23    1739071 0.03 
 48  47  23    9954415 1.15 
 49  54   8    4503220 0.07 
 50  53  19    2166286 0.03 
 51  51  18    2230483 0.04 
 52  59   7    4507411 0.07 
 53  56  15    2561811 0.04 
 54  55  19    2947440 0.05 
 55  50  34   10597351 0.16 
 56  51  23    6813500 0.10 
 57  50  29    7854851 0.11 
 58  55  13    3921738 0.05 
 59  60  19    5770522 0.08 
 60  49  23    8818144 1.12 
 61  51  25    1356411 0.02 
 62  56  19    2432064 0.04 
 63  56  20   20418389 0.27 
 64  55  13    3514220 0.05 
 65  58  13    7271159 0.09 
 66  60   7    1396481 0.02 
 67  58   5      69968 0.00 
 68  53  31   13458372 0.18 
 69  55  14    4642218 0.06 
 70  55  23    8001943 0.11 
 71  60  11    4775583 0.07 
 72  57  16    6940295 1.09 
 73  59  15    2058214 0.03 
 74  49  38   26553870 0.44 
 75  55  31   14504996 0.22 
 76  52  28   32905669 1.47

 largo total: 3980
expansiones totales: 312341955

promedio de largo por problema 59.40298507462686
promedio de expansiones por problema 4661820.223880597