 #p t-2 #calls       #gen time
  1  43  12     237574 0.00 
  2  50   7      51074 0.00 
  3  47  12     286177 0.01 
  4  42  12     243081 0.00 
  5  45   3      87897 0.00 
  6  47   1      73579 0.00 
  7  64   3      25494 0.00 
  8  50   7     175377 0.00 
  9  49   8     804321 0.01 
 10  47   7      84581 0.00 
 11  65   2     446769 0.01 
 12  54   2      20276 0.00 
 13  50   6     116556 0.00 
 14  46   3     166339 0.00 
 15  51   1       3042 0.00 
 16  45   5      70536 0.00 
 17  54   6     134857 0.00 
 18  57  14     689072 0.01 
 19  52   5     174088 0.00 
 20  46  12     763485 0.01 
 21  55  13     443690 0.01 
 22  53  11    1705969 0.03 
 23  51   5      68922 0.00 
 24  45  13    1536521 0.03 
 25  56   7     104729 0.00 
 26  60   4      48987 0.00 
 27  59   4     136517 0.00 
 28  49   1     499340 0.01 
 29  50   9    4321424 0.06 
 30  54   5     460375 0.01 
 31  60   2    1360139 0.02 
 32  52  14    3194684 0.05 
 33  53   4      58135 0.00 
 34  45  26    3805632 1.05 
 35  57  15     621573 0.01 
 36  46   8     411776 0.01 
 37  48   4     129899 0.00 
 38  51   9     178479 0.00 
 39  50   9     994196 0.01 
 40  60   3     752625 0.01 
 41  60   2     173529 0.00 
 42  56   3     167600 0.00 
 43  59   1     180159 0.00 
 44  57  14     973557 0.02 
 45  53  22    4488248 0.07 
 46  69   5      88264 0.00 
 47  55  15     520176 0.01 
 48  47  18   15344281 0.20 
 49  58   4    1199226 0.02 
 50  53  11     436616 0.01 
 51  53  10     685940 0.01 
 52  61   3     882597 0.01 
 53  56   9    1245932 0.02 
 54  55  13    1916076 0.03 
 55  52  24    5284261 0.08 
 56  53  14    1868911 0.02 
 57  50  22    8657485 0.11 
 58  55   7    1807407 0.03 
 59  60  12    1661049 0.02 
 60  49  15    3244591 0.05 
 61  51  16     413573 0.01 
 62  58  13     836372 0.01 
 63  56  11    5246118 0.07 
 64  57   9    3951132 0.06 
 65  60   9    8800722 1.11 
 66  62   3     163962 0.00 
 67  58   1       6076 0.00 
 68  53  23    6213529 0.09 
 69  55   7    2610871 0.04 
 70  55  13    1063964 0.02 
 71  62   4     702080 0.01 
 72  59   8    1531484 0.02 
 73  61   9     787532 0.01 
 74  49  28    9947505 0.14 
 75  55  21    3884323 0.05 
 76  52  19    9786394 0.12

 largo total: 4072
expansiones totales: 132259329

promedio de largo por problema 60.776119402985074
promedio de expansiones por problema 1974019.8358208956