#p t-2 #calls       #gen time
  1  41   8     540859 0.01 
  2  44   6     546343 0.01 
  3  41   7     877822 0.01 
  4  40   7     927211 0.02 
  5  43   7    1002926 0.02 
  6  45   6    1280494 0.02 
  7  52   5    1337339 0.02 
  8  46   7    1411293 0.02 
  9  45   7    1599908 0.02 
 10  45   8    1650695 0.02 
 11  55   6    1897727 0.03 
 12  48   6    1905022 0.03 
 13  46   7    2196592 0.03 
 14  44   6    2304425 0.03 
 15  49   7    2351810 0.03 
 16  43   7    2725455 0.04 
 17  48   7    3222275 0.04 
 18  51   9    5934441 0.08 
 19  50   7    6158732 0.08 
 20  44   8    7096849 0.09 
 21  49   9    7115966 0.10 
 22  49   8    7171136 0.09 
 23  49   8    8841526 1.11 
 24  43   8    8885971 0.12 
 25  52   8    9982568 0.13 
 26  52   7   10907149 0.14 
 27  55   8   11020324 0.14 
 28  45   6   11861704 0.15 
 29  48   8   12808563 0.16 
 30  50   8   12955403 1.17 
 31  54   7   15300441 0.19 
 32  48   9   15971318 0.21 
 33  51   9   17954869 0.23 
 34  41  10   17984050 0.23 
 35  53  11   18918268 1.25 
 36  46   9   18997680 0.24 
 37  48   8   19355805 0.25 
 38  51   9   20671551 0.26 
 39  48   8   22119319 1.29 
 40  56   8   23540412 0.30 
 41  54   7   23711066 0.29 
 42  52   7   24492851 1.30 
 43  55   7   26622862 0.35 
 44  51   9   32201659 0.45 
 45  49  10   39118936 1.55 
 46  63   9   41124766 1.54 
 47  53  11   42693208 0.56 
 48  47  10   42772588 1.57 
 49  54   9   47506055 0.59 
 50  53  10   51501543 1.80 
 51  51   9   59802601 1.85 
 52  55   8   62643178 1.86 
 53  52   8   63036421 1.85 
 54  53  10   63276187 0.87 
 55  50  11   64367798 1.91 
 56  51  10   64926493 1.84 
 57  48  10   65533431 1.87 
 58  53   9   67880055 1.86 
 59  56  10   83477693 1.06 
 60  49  10   95733124 1.27 
 61  51  11  100734843 2.37 
 62  54  10  106074302 1.35 
 63  52   9  109562358 1.37 
 64  53   9  117076110 2.72 
 65  56   9  126638416 2.64 
 66  56   8  132945855 2.78 
 67  56   8  150346071 2.02 
 68  51  12  151042570 2.98 
 69  53   9  166571020 2.13 
 70  53  11  183526882 2.42 
 71  58   9  198758702 3.89 
 72  55   9  220374384 3.97 
 73  57  10  226668644 3.95 
 74  49  12  252783877 4.81 
 75  53  11  257064809 3.58 
 76  50  11  260054151 4.16

largo total: 3814
expansiones totales: 4161977750

promedio de largo por problema 56.92537313432836
promedio de expansiones por problema 62119070.895522386