#p t-2 #calls       #gen time
  1  51   3      66606 0.00 
  2  64   1       5642 0.00 
  3  57   4     150912 0.00 
  4  48   3      76525 0.00 
  5  57   2      84547 0.00 
  6  63   1      11952 0.00 
  7  86   3      23509 0.00 
  8  60   1       9411 0.00 
  9  61   1     105139 0.00 
 10  57   2     199350 0.00 
 11  79   1      26245 0.00 
 12  74   2     157047 0.00 
 13  60   1       6913 0.00 
 14  62   1     489162 0.01 
 15  67   1      26170 0.00 
 16  57   1     152210 0.00 
 17  70   2        999 0.00 
 18  65   4      36173 0.00 
 19  70   1    1000243 0.02 
 20  52   1      34687 0.00 
 21  63   3     291255 0.00 
 22  65   1     365724 0.00 
 23  67   3      22914 0.00 
 24  53   1     809941 0.01 
 25  70   1      38804 0.00 
 26  76   3      83408 0.00 
 27  73   1     582255 0.01 
 28  61   1      50153 0.00 
 29  60   1     725840 0.01 
 30  70   3      46084 0.00 
 31  76   2      72684 0.00 
 32  58   3       5204 0.00 
 33  69   3       7379 0.00 
 34  47   8     652905 0.01 
 35  65   3      15322 0.00 
 36  58   2      79978 0.00 
 37  58   1      90655 0.00 
 38  65   2      26923 0.00 
 39  60   1     404294 0.01 
 40  82   2      50089 0.00 
 41  74   2     881583 0.01 
 42  74   1      46590 0.00 
 43  79   1      95550 0.00 
 44  65   4     169777 0.00 
 45  61   5     232911 0.00 
 46  89   2     243575 0.00 
 47  61   2      21267 0.00 
 48  55   3       4637 0.00 
 49  78   3    1135975 0.02 
 50  63   2      24287 0.00 
 51  61   1     102044 0.00 
 52  81   3     139622 0.00 
 53  70   1      68103 0.00 
 54  65   2      12408 0.00 
 55  60   7     782151 0.01 
 56  63   3      29537 0.00 
 57  54   4     848475 0.01 
 58  69   3        829 0.00 
 59  74   2     310660 0.00 
 60  59   3     969003 0.01 
 61  53   1      48893 0.00 
 62  64   3     324150 0.00 
 63  64   1    1617390 0.02 
 64  69   2     432962 0.01 
 65  74   2     101506 0.00 
 66  76   2     325172 0.00 
 67  74   1       6041 0.00 
 68  59   6     186998 0.00 
 69  69   1      48959 0.00 
 70  63   2       7759 0.00 
 71  76   1       7917 0.00 
 72  73   1       6408 0.00 
 73  73   2      42311 0.00 
 74  49   8     612992 0.01 
 75  57   3      11592 0.00 
 76  60   4      22720 0.00 
 77  72   1     532138 0.01 
 78  73   4      19218 0.00 
 79  56   4     206991 0.00 
 80  69   2     255569 0.00 
 81  57   5      81048 0.00 
 82  89   1      21838 0.00 
 83  79   3      26842 0.00 
 84  85   2     275463 0.00 
 85  76   2     267648 0.00 
 86  78   3      47602 0.00 
 87  81   1     360872 0.00 
 88  76   1     106264 0.00 
 89  78   2      94491 0.00 
 90  73   1      25217 0.00 
 91  69   1     170722 0.00 
 92  70   3      20489 0.00 
 93  58  10    1125832 0.02 
 94  64   3     229322 0.00 
 95  74   2    1096045 0.01 
 96  62   7      23520 0.00 
 97  72   1      70509 0.00 
 98  89   2     562882 0.01 
 99  69   3     280547 0.00 
100  80   4      31594 0.00 
Total Length=6713
Total Expansions=22940670
Total Calls=243
Total Updates=0
Total Hashcount=0
Total Hashmax=0
Total Time=0.33