 #p t-2 #calls       #gen time
  1  47  20     400891 0.01 
  2  52  11      49966 0.00 
  3  47  17      89980 0.00 
  4  42  26     918498 0.01 
  5  49   2       3853 0.00 
  6  51   1       5383 0.00 
  7  68   3       2422 0.00 
  8  50  11     493637 0.01 
  9  51  11     878233 0.01 
 10  49  13     534861 0.01 
 11  65   2     114825 0.00 
 12  58   2      31993 0.00 
 13  52   6      39590 0.00 
 14  50   3     769410 0.01 
 15  53   1      17055 0.00 
 16  45   5     114391 0.00 
 17  58   9     184439 0.00 
 18  57  18     440276 0.01 
 19  56  11    2505324 1.04 
 20  46  21    1248628 0.02 
 21  55  16     138122 0.00 
 22  53  18    1038362 0.01 
 23  55   3      17186 0.00 
 24  47  19    1259469 0.02 
 25  58  13     695716 0.01 
 26  62   3       6978 0.00 
 27  61   2      86356 0.00 
 28  51   1      74351 0.00 
 29  50   9    2648169 0.03 
 30  56   3     272088 0.00 
 31  66   2      61230 0.00 
 32  54  22    2761819 0.04 
 33  55   4      18872 0.00 
 34  45  54    3762726 0.05 
 35  59  25     548486 0.01 
 36  46  10     394900 0.00 
 37  48   2      90555 0.00 
 38  53  15     267616 0.00 
 39  52  12     791511 0.01 
 40  66   2       7656 0.00 
 41  62   2    1445781 0.02 
 42  60   3     465957 0.01 
 43  61   1     155144 0.00 
 44  57  16     403957 0.01 
 45  53  39    6519958 0.09 
 46  71   4      21208 0.00 
 47  55  23     386180 0.01 
 48  51  31   13044702 0.17 
 49  58   3     867382 0.01 
 50  53  17     565904 0.01 
 51  53  19    2235042 0.03 
 52  63   3    1640260 0.02 
 53  58   8     628307 0.01 
 54  55  20    1715419 0.02 
 55  52  51    6407469 0.09 
 56  55  18     453997 0.01 
 57  50  47   17392901 0.23 
 58  57   8    4750062 1.06 
 59  60  14     646977 0.01 
 60  49  23    2834543 0.04 
 61  51  30     486794 0.01 
 62  56  22    2271747 0.03 
 63  58  18    8440686 0.11 
 64  59   9    2232829 0.03 
 65  64   7    4393614 0.06 
 66  64   3     100651 0.00 
 67  62   1      27473 0.00 
 68  53  42    4603021 0.06 
 69  55   5    2620329 0.03 
 70  55  20    1085630 0.01 
 71  62   2       7590 0.00 
 72  59   6     448328 0.01 
 73  61  11     904461 0.01 
 74  49  58   13903193 0.19 
 75  57  33    1264605 0.02 
 76  52  34   23841834 0.29 

 largo total: 4188
expansiones totales: 152999758

promedio de largo por problema 62.507462686567166
promedio de expansiones por problema 2283578.4776119404