 #p t-2 #calls       #gen time
  1  41  41    1144024 0.02 
  2  44  27     126265 0.00 
  3  41  30     124578 0.00 
  4  42  40     953506 0.02 
  5  43  32    2348565 0.04 
  6  45  24     775641 0.01 
  7  54  15    1351608 0.02 
  8  46  38    1266332 0.02 
  9  47  45   28461880 1.35 
 10  47  45    8262416 0.11 
 11  59  28    2963330 0.04 
 12  48  13     195205 0.00 
 13  46  43    3198055 0.05 
 14  44  19    1090522 0.01 
 15  49  37     718710 0.01 
 16  43  39    3712151 0.05 
 17  48  26    1948940 0.03 
 18  51  44    4325159 0.06 
 19  50  29    2082771 0.03 
 20  44  50    7664538 0.10 
 21  51  53   12051706 0.16 
 22  51  46   11862369 1.16 
 23  49  39    3047994 0.04 
 24  43  56   19608762 0.25 
 25  52  42    4292508 0.06 
 26  52  26    2552445 0.04 
 27  55  38   10287316 0.14 
 28  45  33   39830750 1.54 
 29  48  46   31298691 0.45 
 30  50  42    9671999 0.13 
 31  56  27   34262109 1.44 
 32  48  50   25914447 0.37 
 33  51  43   36859594 1.49 
 34  43  85   59895827 0.76 
 35  53  59   23425252 1.30 
 36  46  50   16832988 0.21 
 37  48  46   13727890 0.18 
 38  51  40    5188782 0.07 
 39  48  46   23188675 0.30 
 40  56  34   10717809 0.14 
 41  56  30   13432230 1.17 
 42  52  37    5300065 0.07 
 43  55  27    7268559 0.10 
 44  51  45    6238662 0.09 
 45  51  63   40639438 0.54 
 46  63  36    3700452 1.05 
 47  53  65   39458045 0.54 
 48  47  58   56770947 1.78 
 49  54  32   18122973 0.24 
 50  53  54   34295308 1.44 
 51  51  56   25132701 0.33 
 52  55  40  173859729 2.29 
 53  54  54   52882056 1.70 
 54  53  57   65401601 1.87 
 55  50  75   56446784 0.75 
 56  51  58   35961834 1.45 
 57  48  73   57589943 1.75 
 58  53  53  157860537 2.07 
 59  56  53   48019708 0.61 
 60  49  63   78859298 1.03 
 61  51  72   48896034 1.63 
 62  54  54  115301001 1.47 
 63  54  59  108300464 2.35 
 64  53  49   77710328 1.00 
 65  58  51  238239460 3.99 
 66  58  32   20684843 0.26 
 67  58  45   29474011 0.38 
 68  51  74  128708938 2.65 
 69  53  55   83250761 1.03 
 70  53  71  359982158 5.55 
 71  58  42   76165104 1.96 
 72  55  57  157838428 2.97 
 73  57  48   34546530 0.42 
 74  49  86  210673632 3.73 
 75  55  76  123490169 1.59 
 76  50  65  139144779 2.71 

 largo total: 3850
expansiones totales: 3396879619

promedio de largo por problema 57.46268656716418
promedio de expansiones por problema 50699695.80597015